A_err	T_err	C_err	G_err	N_err	X_err	bp_err	prefix_length = 50
0.0929	0.0895	0.1117	0.0995	0.0000	0.1516	0.5451
A	T	C	G	N	X	A	T	C	G	N	X
5663	2274	3014	3808	0	0	0	0	0	0	0	0
3414	2336	3379	5630	0	0	0	0	0	0	0	0
5778	1899	3414	3668	0	0	0	0	0	0	0	0
3440	3983	4430	2906	0	0	0	0	0	0	0	0
4254	3317	2281	4907	0	0	0	0	0	0	0	0
4076	3397	3991	3295	0	0	0	0	0	0	0	0
3693	2064	3906	5096	0	0	0	0	0	0	0	0
2829	3327	4286	4317	0	0	0	0	0	0	0	0
4073	4557	4514	1615	0	0	0	0	0	0	0	0
2961	3695	3660	4443	0	0	0	0	0	0	0	0
4826	3789	2451	3693	0	0	0	0	0	0	0	0
4811	3046	3885	3017	0	0	0	0	0	0	0	0
2689	2952	3996	5122	0	0	0	0	0	0	0	0
2224	5009	3825	3701	0	0	0	0	0	0	0	0
4899	2891	3115	3854	0	0	0	0	0	0	0	0
3870	2213	2891	5785	0	0	0	0	0	0	0	0
4983	4446	2111	3219	0	0	0	0	0	0	0	0
5168	3277	3955	2359	0	0	0	0	0	0	0	0
1873	4523	3792	4571	0	0	0	0	0	0	0	0
4292	4525	2367	3575	0	0	0	0	0	0	0	0
2459	3150	4127	5023	0	0	0	0	0	0	0	0
3572	3743	3475	3969	0	0	0	0	0	0	0	0
4558	3654	2855	3692	0	0	0	0	0	0	0	0
4700	3011	2291	4757	0	0	0	0	0	0	0	0
3254	4785	3337	3383	0	0	0	0	0	0	0	0
3301	5856	3447	2155	0	0	0	0	0	0	0	0
3177	3452	2362	5768	0	0	0	0	0	0	0	0
3368	3328	4787	3276	0	0	0	0	0	0	0	0
3098	4198	3029	4434	0	0	0	0	0	0	0	0
3975	3565	3484	3735	0	0	0	0	0	0	0	0
5078	3642	2349	3690	0	0	0	0	0	0	0	0
3002	5904	2643	3210	0	0	0	0	0	0	0	0
3073	2925	3875	4886	0	0	0	0	0	0	0	0
3368	2669	3624	5098	0	0	0	0	0	0	0	0
5911	2880	2220	3748	0	0	0	0	0	0	0	0
5119	4257	2122	3261	0	0	0	0	0	0	0	0
3607	3286	5198	2668	0	0	0	0	0	0	0	0
4608	3210	4706	2235	0	0	0	0	0	0	0	0
4078	2847	2654	5180	0	0	0	0	0	0	0	0
5085	3331	3019	3324	0	0	0	0	0	0	0	0
3578	3628	4118	3435	0	0	0	0	0	0	0	0
2991	2535	4596	4637	0	0	0	0	0	0	0	0
3843	2911	3513	4492	0	0	0	0	0	0	0	0
2448	2566	2863	6882	0	0	0	0	0	0	0	0
2477	4093	4190	3999	0	0	0	0	0	0	0	0
4026	2856	2187	5690	0	0	0	0	0	0	0	0
5547	2848	2522	3842	0	0	0	0	0	0	0	0
5332	3145	3527	2755	0	0	0	0	0	0	0	0
4780	3355	2531	4093	0	0	0	0	0	0	0	0
4506	2468	2128	5657	0	0	0	0	0	0	0	0
2100	3196	4147	5247	0	15	10	19	7	5	0	13
3714	4494	4216	2299	0	0	5	8	5	8	0	10
4216	2296	5568	2649	0	0	3	11	3	4	0	9
3252	2756	2378	6287	0	42	18	9	3	6	0	8
4422	3215	2224	4836	0	0	2	2	19	10	0	29
5027	4594	2289	2793	0	0	4	7	12	22	0	11
4015	4806	2942	2915	0	0	4	21	6	14	0	36
3691	3013	2221	5748	0	28	13	15	7	6	0	17
4572	3786	2172	4162	0	28	4	8	12	12	0	3
5092	3560	3410	2619	0	26	7	14	8	9	0	14
3239	3563	4350	3540	0	26	12	9	8	9	0	3
2362	3200	5649	3496	0	26	1	7	9	6	0	3
2933	3946	5409	2451	0	0	2	8	5	5	0	0
2828	2957	5302	3633	0	0	4	13	2	4	0	16
5849	2659	2578	3514	0	95	24	4	8	22	0	6
2421	4422	3311	4459	0	27	49	5	34	27	0	4
2799	3440	2612	5579	0	255	13	12	8	35	0	6
4629	3793	2739	3553	0	0	3	5	13	12	0	12
3468	3272	4112	3875	0	0	11	7	6	5	0	3
2570	2147	6286	3726	0	0	2	5	10	10	0	3
2827	3341	4480	4072	0	0	12	9	7	4	0	7
3223	3500	3627	4337	0	15	19	6	20	6	0	6
3264	4767	2697	3984	0	0	3	4	24	11	0	5
3421	3015	3117	5180	0	0	3	5	4	5	0	9
3879	3413	4515	2901	0	0	14	8	20	4	0	5
3471	2671	4499	4064	0	0	3	18	6	22	0	5
4931	3761	2956	3060	0	0	9	8	10	13	0	11
5177	2851	3257	3438	0	0	8	3	6	15	0	4
3362	4815	3840	2670	0	0	3	2	16	14	0	37
5258	3793	2807	2867	0	0	5	2	7	17	0	3
3674	2468	3593	4961	0	0	20	7	8	20	0	8
1920	2851	4461	5490	0	0	11	8	6	5	0	7
3915	4349	2547	3883	0	0	12	5	29	9	0	10
2839	5773	3089	3004	0	0	8	6	26	13	0	1
3064	3613	4655	3348	0	0	22	10	11	30	0	6
2852	2159	4880	4790	0	0	10	18	24	12	0	14
2866	3063	4697	4072	0	0	11	22	9	14	0	5
4826	3228	2722	3925	0	0	12	12	12	16	0	6
4340	3922	2759	3671	0	0	20	15	7	18	0	7
4317	3574	3321	3431	0	0	15	8	36	35	0	22
4897	2399	3504	3580	0	193	46	19	40	26	0	55
4451	2585	2697	2608	0	21	15	26	22	15	0	15
3104	2494	2238	4098	0	21	18	41	16	11	0	98
2275	2658	2006	2529	0	0	18	12	21	10	0	75
2572	2051	1740	2437	0	0	5	6	9	14	0	12
2124	1646	2016	2911	0	0	1	3	6	7	0	34
2024	2412	1947	1975	0	18	4	13	9	8	0	13
1425	1690	2013	2988	0	0	6	8	4	7	0	12
2243	2307	2015	1439	0	0	37	37	5	7	0	9
2052	1632	1630	2284	0	0	6	36	67	10	0	13
1604	1920	2066	1853	0	0	1	8	6	11	0	19
1756	2039	1602	1801	0	0	5	5	8	12	0	13
1550	1575	1857	1979	0	0	3	2	7	3	0	13
1454	2433	1276	1711	0	0	5	5	34	3	0	37
1386	1421	1615	1814	0	0	9	5	6	2	0	13
1224	1392	1490	1882	0	0	3	6	27	3	0	7
1497	1825	1279	1198	0	0	3	0	19	9	0	24
1291	1686	1174	1163	0	50	2	20	3	14	0	15
884	1363	1288	1459	0	75	2	3	3	15	0	11
857	1195	1511	1360	0	71	12	0	7	4	0	8
1136	1333	1411	1058	0	0	10	2	1	4	0	2
1321	1270	1291	1053	0	0	4	3	4	5	0	6
1212	1224	951	1403	0	0	3	4	2	5	0	3
1117	1194	823	1546	0	0	2	2	3	4	0	12
1258	656	1514	1016	0	0	4	7	3	3	0	8
837	1275	906	1373	0	0	4	3	4	2	0	13
936	1059	775	1517	0	0	3	2	5	5	0	44
1121	581	1007	1353	0	66	31	4	6	3	0	19
852	1045	827	1175	0	0	3	0	5	1	0	0
1074	911	1116	783	0	0	4	2	2	4	0	12
891	1107	1077	716	0	0	3	3	0	4	0	7
761	1161	979	778	0	0	1	2	7	2	0	3
954	653	1140	846	0	0	4	1	5	4	0	37
941	1182	569	782	0	0	4	1	3	5	0	17
514	818	690	1288	0	65	2	21	1	1	0	1
620	437	1181	1155	0	0	0	2	2	2	0	2
887	670	1222	614	0	0	0	0	5	2	0	1
869	882	650	880	0	32	2	0	2	4	0	4
879	696	909	748	0	0	4	10	1	2	0	6
705	676	901	923	0	0	4	3	14	0	0	1
559	749	758	1107	0	0	2	1	2	0	0	2
510	759	792	1076	0	0	1	3	3	4	0	5
737	764	575	1052	0	0	2	5	1	3	0	14
791	898	564	777	0	0	10	2	4	1	0	0
595	678	747	997	0	0	3	5	10	7	0	5
656	765	596	867	0	0	2	1	3	6	0	6
571	833	546	919	0	0	4	1	2	3	0	1
580	823	612	850	0	0	2	6	2	3	0	2
947	706	334	758	0	0	0	3	2	8	0	3
528	932	542	720	0	0	1	0	3	3	0	1
560	487	482	1190	0	0	1	2	3	3	0	2
639	493	561	928	0	0	2	31	4	3	0	12
516	1013	415	657	0	0	1	2	4	1	0	2
630	847	622	467	0	0	2	1	3	7	0	1
403	784	647	688	0	0	3	6	1	1	0	5
694	688	405	669	0	0	5	0	3	1	0	10
652	795	396	505	0	74	33	2	2	9	0	7
463	756	545	517	0	0	3	1	32	4	0	5
685	478	425	601	0	0	2	3	4	4	0	5
534	443	640	524	0	0	1	2	1	1	0	6
423	593	372	667	0	0	19	1	2	3	0	6
395	355	523	743	0	50	3	6	1	1	0	9
537	573	491	281	0	0	1	2	4	3	0	1
638	470	375	368	0	0	2	1	3	3	0	33
306	698	430	401	0	0	2	4	2	1	0	0
335	489	418	590	0	0	1	0	3	1	0	7
332	430	701	340	0	0	4	0	0	3	0	10
337	623	320	438	0	0	1	0	3	4	0	1
296	444	411	560	0	0	1	2	2	1	0	10
249	247	556	560	0	0	3	1	3	1	0	6
499	234	428	440	0	0	4	1	1	3	0	16
472	276	488	283	0	0	1	0	1	2	0	3
478	500	351	126	0	0	0	2	2	0	0	0
468	194	329	456	0	0	4	0	0	0	0	8
273	242	324	466	0	0	3	0	1	2	0	0
270	387	278	336	0	0	0	1	3	1	0	0
363	284	376	246	0	0	0	2	0	3	0	2
433	289	341	210	0	0	0	1	0	0	0	2
384	377	364	97	0	0	1	0	0	0	0	1
290	209	450	268	0	0	4	0	1	1	0	1
248	206	290	431	0	0	1	0	3	0	0	4
282	342	195	351	0	0	0	0	3	2	0	8
155	208	387	279	0	0	1	1	0	1	0	2
335	183	302	160	0	0	0	0	1	7	0	3
159	159	91	554	0	19	0	4	2	2	0	1
177	275	255	224	0	0	0	0	1	3	0	2
327	121	207	266	0	0	3	1	1	1	0	10
372	248	135	91	0	0	0	0	0	1	0	3
320	331	145	51	0	0	0	0	1	1	0	1
201	175	194	275	0	0	0	0	4	0	0	1
158	130	294	262	0	0	0	1	3	1	0	1
189	333	81	241	0	0	0	0	2	3	0	1
71	358	171	244	0	0	0	0	4	2	0	0
194	238	184	227	0	0	1	2	1	3	0	0
190	217	203	233	0	0	1	0	3	3	0	0
153	239	195	255	0	0	2	2	0	2	0	2
102	236	259	246	0	0	2	1	1	2	0	1
400	87	207	120	0	0	0	1	0	0	0	2
163	205	277	158	0	0	1	9	0	2	0	2
194	180	172	199	0	0	11	1	1	3	0	2
89	205	154	293	0	0	0	1	0	0	0	1
297	188	121	88	0	0	0	0	0	0	0	1
189	250	75	178	0	0	0	0	0	2	0	1
75	243	101	272	0	0	2	0	1	0	0	1
116	94	183	299	0	0	1	0	1	0	0	1
269	254	68	92	0	0	0	0	8	3	0	1
193	189	197	107	0	0	1	6	0	0	0	2
138	118	140	295	0	0	0	0	0	0	0	4
209	91	190	201	0	0	1	0	0	0	0	3
197	146	163	168	0	0	0	1	0	0	0	20
97	180	208	129	0	0	0	0	4	1	0	2
69	225	221	98	0	0	0	4	0	1	0	3
114	137	114	223	0	0	1	1	0	0	0	5
43	280	47	189	0	0	0	0	0	1	0	6
75	67	195	178	0	0	0	1	1	0	0	2
158	76	98	155	0	27	0	2	0	1	0	2
84	203	80	122	0	0	0	0	2	1	0	0
120	51	69	249	0	0	0	1	0	1	0	1
109	128	67	187	0	0	0	0	0	1	0	0
251	49	62	119	0	0	0	4	1	1	0	5
54	322	69	39	0	0	5	0	0	1	0	2
77	264	25	115	0	0	0	0	1	5	0	5
145	39	124	178	0	0	2	1	0	1	0	2
136	113	81	152	0	0	2	4	1	1	0	2
84	46	150	202	0	0	1	1	0	1	0	7
20	91	227	39	0	20	0	0	2	7	0	1
70	111	153	37	0	0	0	1	7	0	0	8
49	69	210	23	0	0	1	8	0	1	0	1
39	194	69	47	0	0	1	1	6	1	0	4
48	59	94	101	0	0	5	2	0	0	0	1
109	0	68	103	0	0	0	0	1	2	0	4
21	83	109	26	0	0	0	0	1	2	0	2
21	46	68	107	0	0	0	1	1	0	0	0
20	63	107	52	0	0	0	0	1	1	0	0
0	101	120	21	0	0	1	0	1	0	0	0
65	93	42	20	0	0	0	0	1	0	0	0
68	39	92	20	0	0	0	1	0	0	0	1
26	26	100	68	0	0	0	0	0	0	0	1
133	0	64	20	0	0	0	0	0	3	0	1
52	0	68	59	0	0	0	0	0	0	0	0
107	26	26	20	0	0	0	0	0	0	0	0
0	39	52	85	0	0	0	0	0	0	0	3
52	20	0	107	0	0	0	0	0	0	0	0
101	26	26	26	0	0	0	0	0	0	0	0
46	42	26	65	0	0	0	0	0	0	0	0
0	114	65	0	0	0	0	0	0	0	0	0
52	42	85	0	0	0	0	0	0	0	0	0
52	59	68	0	0	0	0	0	0	0	0	0
81	17	52	20	0	0	0	0	4	0	0	5
0	0	62	91	0	0	0	0	0	0	0	0
72	0	0	81	0	0	0	0	0	0	0	0
46	107	0	0	0	0	0	0	0	0	0	0
0	20	39	91	0	0	0	0	0	0	0	3
20	41	26	39	0	0	0	0	1	0	0	0
0	26	42	54	0	0	1	0	3	0	0	1
43	0	42	0	0	0	0	0	0	3	0	0
0	0	85	0	0	0	3	0	0	0	0	0
0	0	20	65	0	0	0	0	0	0	0	3
0	0	20	26	0	0	0	0	0	0	0	0
0	0	20	26	0	0	0	0	0	0	0	0
0	26	20	0	0	0	0	0	0	0	0	0
26	0	19	0	0	0	1	0	0	0	0	0
18	26	0	0	0	0	0	0	2	0	0	0
0	0	26	0	0	0	0	0	0	0	0	0
26	0	0	0	0	0	0	0	0	0	0	0
0	26	0	0	0	0	0	0	0	0	0	0
0	0	26	0	0	0	0	0	0	0	0	0
0	26	0	0	0	0	0	0	0	0	0	0
0	26	0	0	0	0	0	0	0	0	0	0
0	0	26	0	0	0	0	0	0	0	0	0
0	0	0	26	0	0	0	0	0	0	0	0
